0.113812 0.889557 1
0.129975 0.873457 1
0.135363 0.843941 1
0.148832 0.819792 1
0.164994 0.790276 1
0.178463 0.758077 1
0.208095 0.720511 1
0.221564 0.707095 1
0.267358 0.696361 1
0.313152 0.690995 1
0.356253 0.685628 1
0.385885 0.685628 1
0.428985 0.696361 1
0.455923 0.704411 1
0.472086 0.720511 1
0.49633 0.75271 1
0.499024 0.833208 1
0.512492 0.851991 1
0.520574 0.889557 1
0.536736 0.929806 1
0.555593 0.970055 1
0.577143 0.994204 1
0.601387 1.03177 1
0.631019 1.055919 1
0.649875 1.072019 1
0.674119 1.077385 1
0.701057 1.077385 1
0.798034 1.077385 1
0.736077 1.074702 1
0.752239 1.082752 1
0.854603 1.093485 1
0.881541 1.109585 1
0.956967 1.123001 1
0.986598 1.165933 1
1.01623 1.165933 1
1.021618 1.216915 1
1.027005 1.238381 1
1.027005 1.275947 1
1.027005 1.321563 1
1.035087 1.356445 1
1.03778 1.383278 1
1.040474 1.41816 1
1.078187 1.461093 1
1.099737 1.471826 1
1.134757 1.469142 1
1.191326 1.463776 1
1.247895 1.463776 1
1.258671 1.461093 1
1.27214 1.45036 1
1.320628 1.44231 1
1.344872 1.461093 1
1.37181 1.474509 1
1.404135 1.474509 1
1.428379 1.471826 1
1.444542 1.447676 1
1.447236 1.41816 1
1.463398 1.404744 1
1.490336 1.404744 1
1.501111 1.412794 1
1.525355 1.41816 1
1.53613 1.41816 1
1.565762 1.41816 1
1.590006 1.391328 1
1.611556 1.369862 1
1.616944 1.361812 1
1.622331 1.340346 1
1.627719 1.313513 1
1.643882 1.27863 1
1.646576 1.243748 1
1.646576 1.219599 1
1.646576 1.206182 1
1.641188 1.192766 1
1.5927 1.195449 1
1.549599 1.182033 1
1.519968 1.14715 1
1.525355 1.106901 1
1.541518 1.066652 1
1.557681 1.047869 1
1.581925 1.037136 1
1.600781 1.018354 1
1.616944 0.991521 0
1.622331 1.047869 0
1.61425 1.077385 0
1.565762 1.093485 0
1.557681 1.133734 0
1.576537 1.1552 0
1.581925 1.144467 0
1.598087 1.141784 0
1.619638 1.141784 0
1.633107 1.141784 0
1.654657 1.14715 0
1.676207 1.173983 0
1.676207 1.206182 0
1.67082 1.251798 0
1.67082 1.281314 0
1.67082 1.321563 0
1.665432 1.345712 0
1.641188 1.377911 0
1.616944 1.412794 0
1.5927 1.439626 0
1.557681 1.455726 0
1.517274 1.439626 0
1.490336 1.447676 0
1.474173 1.463776 0
1.460704 1.477192 0
1.439154 1.498658 0
1.404135 1.493292 0
1.355647 1.482559 0
1.326015 1.490609 0
1.299077 1.482559 0
1.274833 1.487925 0
1.250589 1.498658 0
1.207489 1.506708 0
1.185938 1.501342 0
1.148225 1.501342 0
1.123981 1.501342 0
1.086268 1.501342 0
1.056637 1.501342 0
1.029699 1.487925 0
1.008149 1.455726 0
1.002761 1.44231 0
0.991986 1.394011 0
0.986598 1.369862 0
0.986598 1.332296 0
0.983905 1.289364 0
0.981211 1.270581 0
0.978517 1.235698 0
0.978517 1.222282 0
0.965048 1.203499 0
0.943498 1.187399 0
0.932723 1.176666 0
0.967742 1.187399 0
0.981211 1.203499 0
0.991986 1.208866 0
0.930029 1.184716 0
0.905785 1.1713 0
0.89501 1.16325 0
0.876153 1.152517 0
0.854603 1.141784 0
0.833053 1.131051 0
0.808809 1.125684 0
0.779177 1.117634 0
0.765708 1.117634 0
0.730689 1.117634 0
0.71722 1.117634 0
0.684895 1.117634 0
0.676813 1.117634 0
0.622938 1.093485 0
0.622938 1.093485 0
0.598694 1.063969 0
0.596 1.061286 0
0.574449 1.047869 0
0.555593 1.026403 0
0.547512 1.01567 0
0.520574 0.983471 0
0.512492 0.959322 0
0.501717 0.940539 0
0.485555 0.902973 0
0.480167 0.860041 0
0.472086 0.841258 0
0.464004 0.809059 0
0.445148 0.782226 0
0.426291 0.755393 0
0.437066 0.750027 0
0.464004 0.771493 0
0.461311 0.801009 0
0.43976 0.76881 0
0.420904 0.747344 0
0.412822 0.73661 0
0.377803 0.731244 0
0.361641 0.728561 0
0.323928 0.728561 0
0.283521 0.717828 0
0.24042 0.73661 0
0.226951 0.76076 0
0.210789 0.77686 0
0.194626 0.801009 0
0.173076 0.822475 0
0.159607 0.868091 0
0.14075 0.89224 0
0.116506 0.916389 0
0.094956 0.916389 0
1.568456 1.058603 1
1.5927 1.050553 10.121894 0.849308 1
0.132669 0.792959 1
0.151525 0.747344 1
0.1623 0.701728 1
0.189238 0.669529 1
0.24042 0.645379 1
0.272746 0.640013 1
0.313152 0.634646 1
0.361641 0.623913 1
0.402047 0.626597 1
0.450535 0.626597 1
0.482861 0.634646 1
0.542124 0.664162 1
0.582531 0.682945 1
0.620244 0.682945 1
0.641794 0.656112 1
0.631019 0.634646 1
0.609469 0.594397 1
0.587918 0.551465 1
0.552899 0.540732 1
0.566368 0.524632 1
0.596 0.503166 1
0.625631 0.503166 1
0.655263 0.4978 1
0.674119 0.519266 1
0.663344 0.543415 1
0.666038 0.594397 1
0.679507 0.631963 1
0.701057 0.672212 1
0.727995 0.680262 1
0.760321 0.699045 1
0.784565 0.709778 1
0.776483 0.75271 1
0.800727 0.76076 1
0.833053 0.76076 1
0.868072 0.77686 1
0.897704 0.76881 1
0.924641 0.76881 1
0.078793 0.889557 0
0.094956 0.849308 0
0.103037 0.790276 0
0.111119 0.74466 0
0.129975 0.696361 0
0.159607 0.645379 0
0.19732 0.623913 0
0.245808 0.610497 0
0.286215 0.594397 0
0.323928 0.591714 0
0.372416 0.591714 0
0.412822 0.580981 0
0.461311 0.602447 0
0.504411 0.61318 0
0.547512 0.62928 0
0.577143 0.63733 0
0.604081 0.648063 0
0.574449 0.599764 0
0.536736 0.562198 0
0.525961 0.527316 0
0.547512 0.508533 0
0.558287 0.4817 0
0.574449 0.4817 0
0.606775 0.479017 0
0.647182 0.468284 0
0.679507 0.476334 0
0.703751 0.4978 0
0.703751 0.532682 0
0.692976 0.551465 0
0.687588 0.572931 0
0.701057 0.607814 0
0.714526 0.631963 0
0.730689 0.656112 0
0.752239 0.669529 0
0.789952 0.680262 0
0.811502 0.699045 0
0.808809 0.725877 0
0.808809 0.739294 0
0.833053 0.739294 0
0.859991 0.739294 0
0.889622 0.74466 0
0.913866 0.74466 0
0.903091 0.723194 0
0.884235 0.704411 0
0.843828 0.680262 0
0.862684 0.677579 0
0.824971 0.642696 0
0.81689 0.618547 0
0.81689 0.578298 0
0.81689 0.546099 0
0.833053 0.508533 0
0.862684 0.4978 0
0.903091 0.48975 0
0.921948 0.503166 0
0.921948 0.543415 0
0.91656 0.583664 0
0.921948 0.607814 0
0.946192 0.62123 0
0.97313 0.650746 0
1.005455 0.688312 0
0.986598 0.666846 0
1.013536 0.707095 0
1.021618 0.739294 0
1.018924 0.784909 0
1.021618 0.809059 0
1.01623 0.833208 0
1.029699 0.849308 0
1.043168 0.870774 0
1.059331 0.838575 0
1.070106 0.825158 0
1.080881 0.795642 0
1.091656 0.771493 0
1.113206 0.758077 0
0.935417 0.74466 1
0.932723 0.717828 1
0.919254 0.693678 1
0.900397 0.685628 1
0.876153 0.653429 1
0.886928 0.672212 1
0.854603 0.631963 1
0.833053 0.607814 1
0.83844 0.575614 1
0.83844 0.556832 1
0.843828 0.538049 1
0.859991 0.529999 1
0.873459 0.524632 1
0.886928 0.524632 1
0.89501 0.524632 1
0.892316 0.543415 1
0.884235 0.556832 1
0.881541 0.578298 1
0.881541 0.597081 1
0.908479 0.618547 1
0.924641 0.631963 1
0.935417 0.650746 1
0.946192 0.666846 1
0.965048 0.685628 1
0.978517 0.715144 1
0.991986 0.739294 1
0.986598 0.750027 1
0.989292 0.774176 1
0.991986 0.787593 1
0.991986 0.811742 1
0.991986 0.822475 1
0.991986 0.838575 1
1.000067 0.870774 1
1.013536 0.886873 1
1.021618 0.90834 1
1.040474 0.902973 1
1.059331 0.88419 1
1.070106 0.857358 1
1.086268 0.849308 1
1.091656 0.833208 1
1.091656 0.822475 1
1.110512 0.801009 1
1.1159 0.782226 1
1.132063 0.782226 1
1.134757 0.779543 1
1.159001 0.798326 1
1.13745 0.774176 1
1.156307 0.782226 1
1.175163 0.809059 1
1.180551 0.822475 1
1.188632 0.833208 1
1.19402 0.843941 1
1.196714 0.860041 1
1.19402 0.873457 1
1.185938 0.889557 1
1.180551 0.911023 1
1.17247 0.929806 1
1.164388 0.951272 1
1.159001 0.972738 1
1.159001 0.999571 1
1.164388 1.01567 1
1.17247 1.045186 1
1.175163 1.061286 1
1.180551 1.085435 1
1.185938 1.106901 1
1.196714 1.128368 1
1.207489 1.136417 1
1.23712 1.141784 1
1.245202 1.141784 1
1.269446 1.141784 1
1.282915 1.141784 1
1.304465 1.141784 1
1.317934 1.141784 1
1.312546 1.131051 1
1.320628 1.120318 1
1.33679 1.112268 1
1.339484 1.098852 1
1.350259 1.082752 1
1.352953 1.080069 1
1.358341 1.074702 1
1.366422 1.061286 1
1.377197 1.053236 1
1.382585 1.045186 1
1.401441 1.045186 1
1.420298 1.037136 1
1.428379 1.02372 1
1.463398 1.021037 1
1.441848 1.01567 1
1.468786 1.012987 1
1.484948 1.004937 1
1.49303 0.996887 1
1.519968 0.996887 1
1.528049 0.996887 1
1.552293 1.002254 1
1.560374 1.002254 1
1.57115 0.991521 1
1.587312 0.991521 1
1.598087 1.004937 1
1.546906 0.991521 1
1.533437 0.991521 1
1.490336 0.996887 1
1.396054 1.026403 1
1.13745 0.758077 0
1.164388 0.755393 0
1.185938 0.782226 0
1.210183 0.817109 0
1.218264 0.830525 0
1.218264 0.865407 0
1.212876 0.88419 0
1.202101 0.916389 0
1.188632 0.945905 0
1.183245 0.967371 0
1.188632 1.004937 0
1.204795 1.029087 0
1.202101 1.061286 0
1.196714 1.037136 0
1.207489 1.080069 0
1.220958 1.104218 0
1.247895 1.120318 0
1.266752 1.112268 0
1.282915 1.112268 0
1.296384 1.112268 0
1.309853 1.098852 0
1.323321 1.072019 0
1.331403 1.047869 0
1.355647 1.026403 0
1.374503 1.012987 0
1.401441 0.996887 0
1.433767 0.978105 0
1.463398 0.972738 0
1.484948 0.956638 0
1.522661 0.953955 0
1.568456 0.956638 0
1.606169 0.962005 0
1.619638 0.978105 0
1.544212 0.967371 0
1.498417 0.964688 0
1.587312 1.104218 0
1.6358 1.109585 0
1.654657 1.037136 0
1.651963 0.945905 0
1.611556 0.937856 0
1.560374 0.935172 0
1.474173 0.948589 0
1.401441 0.962005 0
1.374503 0.970055 0
1.323321 1.010304 0
1.282915 1.050553 0
1.277527 1.055919 0
1.538824 1.045186 1
1.487642 1.069336 1
1.455317 1.082752 1
1.374503 1.128368 1
1.37181 1.101535 1
1.425685 1.063969 1
1.47148 1.045186 1
1.538824 1.042503 1
1.484948 1.120318 1
1.43646 1.123001 1
1.366422 1.088118 1
1.398747 1.096168 1
1.463398 1.152517 1
1.511886 1.214232 1
1.573843 1.249115 1
1.598087 1.259848 1
1.611556 1.238381 1
1.482255 1.200816 1
1.406829 1.203499 1
1.441848 1.168617 1
1.358341 1.165933 1
1.43646 1.219599 1
1.528049 1.267897 1
1.554987 1.29473 1
1.579231 1.321563 1
1.530743 1.498658 0
1.511886 1.506708 0
1.43646 1.546957 0
1.369116 1.54964 0
1.296384 1.530858 0
1.204795 1.533541 0
1.121288 1.533541 0
1.048555 1.533541 0
0.983905 1.517441 0
0.948885 1.45036 0
0.932723 1.367178 0
0.932723 1.321563 0
0.919254 1.262531 0
0.89501 1.235698 0
0.873459 1.214232 0
0.787258 1.200816 0
0.736077 1.1713 0
0.671426 1.16325 0
0.644488 1.16325 0
0.558287 1.128368 0
0.482861 1.055919 0
0.447842 0.983471 0
0.428985 0.916389 0
0.399353 0.873457 0
0.369722 0.830525 0
0.345478 0.806375 0
0.261971 0.790276 0
0.232339 0.827842 0
0.19732 0.878824 0
0.146138 0.943222 0
0.132669 0.964688 0
0.089568 0.967371 0
1.269446 1.208866 1
1.382585 1.233015 1
1.361034 1.281314 1
1.487642 1.345712 1
1.285608 1.241065 1
1.331403 1.208866 1
1.425685 1.289364 1
1.439154 1.29473 1
1.47148 1.257164 1
1.501111 1.273264 1
1.53613 1.324246 1
1.57115 1.345712 1
1.549599 1.383278 1
1.51458 1.364495 1
1.425685 1.353762 1
1.412216 1.391328 1
1.342178 1.297413 1
1.387972 1.359128 1
1.404135 1.447676 1
1.309853 1.326929 1
1.331403 1.385961 1
1.361034 1.399377 1
1.285608 1.31083 1
1.296384 1.233015 1
1.323321 1.270581 1
1.285608 1.187399 1
1.229039 1.375228 1
1.288302 1.423527 1
1.253283 1.343029 1
1.299077 1.351079 1
1.210183 1.208866 1
1.264058 1.273264 1
1.261364 1.297413 1
1.23712 1.28668 1
1.207489 1.31083 1
1.207489 1.423527 1
1.180551 1.31083 1
1.188632 1.222282 1
1.175163 1.152517 1
1.161694 1.28668 1
1.145532 1.233015 1
1.126675 1.190083 1
1.110512 1.316196 1
1.1159 1.372545 1
1.121288 1.41816 1
1.159001 1.404744 1
1.169776 1.377911 1
1.083575 1.375228 1
1.083575 1.216915 1
1.142838 1.275947 1
1.097044 1.270581 1
1.199407 1.254481 1
1.212876 1.198132 1
1.39336 1.308146 1
1.045862 1.182033 1
1.09435 1.160567 1
1.123981 1.120318 1
1.13745 1.120318 1
0.049162 0.830525 0
0.051855 0.76881 0
0.070712 0.707095 0
0.100343 0.645379 0
0.113812 0.594397 0
0.194626 0.562198 0
0.200013 0.559515 0
0.259277 0.556832 0
0.321234 0.527316 0
0.415516 0.538049 0
0.43976 0.540732 0
0.501717 0.562198 0
0.523268 0.591714 0
0.450535 0.570248 0
0.482861 0.476334 0
0.566368 0.430718 0
0.647182 0.430718 0
0.671426 0.430718 0
0.703751 0.452184 0
0.741464 0.513899 0
0.73877 0.551465 0
0.730689 0.580981 0
0.757627 0.61318 0
0.789952 0.642696 0
0.779177 0.556832 0
0.779177 0.524632 0
0.819584 0.462917 0
0.822278 0.462917 0
0.975823 0.460234 0
0.965048 0.492433 0
0.97313 0.521949 0
0.97313 0.540732 0
1.018924 0.607814 0
1.035087 0.645379 0
1.043168 0.677579 0
1.051249 0.782226 0
1.048555 0.720511 0
1.083575 0.731244 0
1.159001 0.715144 0
1.17247 0.725877 0
1.212876 0.758077 0
1.239814 0.803692 0
1.245202 0.822475 0
1.261364 0.862724 0
1.261364 0.924439 0
1.255977 0.975421 0
1.250589 1.055919 0
1.247895 1.034453 0
1.196714 0.953955 0
1.229039 0.972738 0
1.23712 0.919073 0
1.250589 0.988838 0
1.280221 1.010304 0
1.299077 0.967371 0
0.924641 1.211549 0
0.854603 1.184716 0
0.792646 1.176666 0
0.703751 1.1552 0
0.668732 1.149834 0
0.563674 1.098852 0
0.512492 1.021037 0
0.480167 0.962005 0
0.43976 0.897607 0
0.423598 0.860041 0
0.358947 0.76881 0
0.31854 0.771493 0
0.291602 0.77686 0
0.267358 0.792959 0
0.380497 0.784909 0
0.399353 0.819792 0
0.420904 0.811742 0
0.943498 1.249115 0
0.954273 1.318879 0
0.965048 1.407427 0
0.975823 1.455726 0
1.01623 1.141784 1
1.075493 1.101535 1
1.099737 1.063969 1
1.110512 1.026403 1
1.099737 0.978105 1
1.099737 0.940539 1
1.118594 0.865407 1
1.123981 0.849308 1
1.145532 0.90834 1
1.150919 0.89224 1
1.148225 0.825158 1
1.142838 0.817109 1
1.161694 0.860041 1
1.126675 0.919073 1
1.088962 0.90834 1
1.129369 0.978105 1
1.043168 1.03982 1
1.03778 0.940539 1
1.075493 1.01567 1
1.067412 0.948589 1
1.029699 0.983471 1
1.062024 0.978105 1
1.056637 1.069336 1
0.989292 1.088118 1
1.056637 1.114951 1
1.03778 1.096168 1
1.132063 1.055919 1
1.142838 1.082752 1
0.97313 1.050553 1
0.99468 0.983471 1
1.000067 1.021037 1
1.035087 1.050553 1
1.008149 1.063969 1
0.986598 0.919073 1
0.956967 1.045186 1
0.948885 1.063969 1
0.91656 1.088118 1
0.919254 1.112268 1
0.919254 1.125684 1
0.946192 1.152517 1
0.981211 1.165933 1
0.962354 1.144467 1
0.924641 1.136417 1
0.897704 1.123001 1
0.89501 1.120318 1
0.851909 1.106901 1
0.833053 1.101535 1
0.808809 1.096168 1
0.79534 1.093485 1
0.776483 1.088118 1
0.754933 1.090802 1
0.730689 1.093485 1
0.711832 1.093485 1
0.690282 1.093485 1
0.666038 1.082752 1
0.660651 1.082752 1
0.636406 1.074702 1
0.612162 1.042503 1
0.596 1.021037 1
0.590612 1.01567 1
0.582531 1.00762 1
0.574449 0.996887 1
0.563674 0.983471 1
0.555593 0.970055 1
0.552899 0.964688 1
0.550205 0.962005 1
0.536736 0.943222 1
0.531349 0.927122 1
0.525961 0.911023 1
0.523268 0.894923 1
0.51788 0.868091 1
0.512492 0.854674 1
0.507105 0.838575 1
0.493636 0.798326 1
0.493636 0.77686 1
0.493636 0.76076 1
0.493636 0.758077 1
0.482861 0.74466 1
0.472086 0.731244 1
0.466698 0.723194 1
0.453229 0.707095 1
0.43976 0.690995 1
0.070712 0.806375 0
0.094956 0.741977 0
0.100343 0.701728 0
0.116506 0.642696 0
0.146138 0.597081 0
0.200013 0.583664 0
0.232339 0.572931 0
0.302377 0.570248 0
0.342784 0.546099 0
0.431679 0.546099 0
0.43976 0.521949 0
0.482861 0.551465 0
0.480167 0.527316 0
0.499024 0.495116 0
0.53943 0.444134 0
0.773789 0.597081 0
0.787258 0.583664 0
0.787258 0.580981 0
0.768402 0.648063 0
0.736077 0.610497 0
0.843828 0.717828 0
0.857297 0.715144 0
1.048555 0.811742 0
1.053943 0.75271 0
1.229039 1.012987 0
1.250589 1.088118 0
1.288302 1.082752 0
1.223651 1.047869 0
1.301771 1.026403 0
1.204795 0.980788 0
1.247895 0.945905 0
1.331403 0.956638 0
1.350259 0.972738 0
0.892316 1.203499 0
0.822278 1.206182 0
0.822278 1.165933 0
0.765708 1.1552 0
0.725301 1.144467 0
0.601387 1.125684 0
0.614856 1.120318 0
0.520574 1.090802 0
0.515186 1.072019 0
0.480167 0.988838 0
0.464004 0.959322 0
0.458617 0.90834 0
0.455923 0.878824 0
0.447842 0.843941 0
0.426291 0.811742 0
0.410129 0.792959 0
0.383191 0.766126 0
0.345478 0.747344 0
0.313152 0.741977 0
0.267358 0.74466 0
0.261971 0.720511 0
0.299683 0.717828 0
0.34009 0.717828 0
0.375109 0.715144 0
0.407435 0.733927 0
0.420904 0.733927 0
0.447842 0.739294 0
0.474779 0.822475 0
0.501717 0.919073 0
0.194626 0.846624 0
0.243114 0.798326 0
0.302377 0.843941 0
0.342784 0.843941 0
0.377803 0.945905 0
0.881541 1.292047 0
0.921948 1.391328 0
0.935417 1.487925 0
0.935417 1.487925 0
0.978517 1.530858 0
1.083575 1.552324 0
1.142838 1.55769 0
1.269446 1.563057 0
1.406829 1.563057 0
1.428379 1.563057 0
1.377197 1.514758 0
1.406829 1.517441 0
1.328709 1.533541 0
1.468786 1.517441 0
1.51458 1.482559 0
1.53613 1.461093 0
1.476867 1.44231 0
1.49303 1.436943 0
1.57115 1.112268 0
1.608863 1.123001 0
1.61425 1.096168 0
1.665432 1.101535 0
1.668126 1.050553 0
1.649269 0.986154 0
1.705839 0.953955 0
1.69237 1.03177 0
1.697757 1.053236 0
1.700451 1.123001 0
1.722001 1.160567 0
1.727389 1.211549 0
1.719308 1.235698 0
1.711226 1.259848 0
1.705839 1.321563 0
1.705839 1.361812 0
1.697757 1.380595 0
1.662738 1.41816 0
1.641188 1.439626 0
1.608863 1.477192 0
1.573843 1.495975 0
1.560374 1.514758 0
1.595394 1.517441 0
1.660044 1.498658 0
1.716614 1.469142 0
1.746246 1.423527 0
1.757021 1.324246 0
1.762408 1.29473 0
1.767796 1.241065 0
1.767796 1.176666 0
1.746246 1.131051 0
1.730083 1.109585 0
1.716614 1.042503 0
1.651963 1.128368 0
1.668126 1.144467 0
1.678901 1.144467 0
1.708533 1.203499 0
1.708533 1.219599 0
1.708533 1.292047 0
1.253283 1.541591 0
1.207489 1.56574 0
1.167082 1.584523 0
1.09435 1.592573 0
1.005455 1.57379 0
0.913866 1.541591 0
0.884235 1.458409 0
0.884235 1.399377 0
0.884235 1.375228 0
0.884235 1.348395 0
1.317934 1.56574 0
1.387972 1.592573 0
1.479561 1.592573 0
1.498417 1.589889 0
1.299077 1.595256 0
1.185938 1.595256 0
1.47148 1.54964 0
0.897704 1.050553 1
0.943498 0.996887 1
0.948885 0.935172 1
0.948885 0.886873 1
0.943498 0.819792 1
0.946192 0.798326 1
0.948885 0.779543 1
0.956967 0.74466 1
0.956967 0.723194 1
0.93811 0.693678 1
0.927335 0.682945 1
0.905785 0.653429 1
0.884235 0.631963 1
0.873459 0.623913 1
0.865378 0.607814 1
0.859991 0.586348 1
0.859991 0.567565 1
0.636406 0.527316 1
0.609469 0.532682 1
0.61755 0.567565 1
0.577143 0.556832 1
0.563674 0.551465 1
0.577143 0.532682 1
0.606775 0.508533 1
0.655263 0.503166 1
0.666038 0.500483 1
0.674119 0.4978 1
0.668732 0.538049 1
0.666038 0.540732 1
0.666038 0.564881 1
0.666038 0.575614 1
0.682201 0.626597 1
0.698364 0.642696 1
0.698364 0.642696 1
0.671426 0.61318 1
0.6391 0.631963 1
0.620244 0.615863 1
0.61755 0.589031 1
0.612162 0.578298 1
0.596 0.556832 1
0.612162 0.567565 1
0.631019 0.548782 1
0.641794 0.532682 1
0.577143 0.516583 1
0.620244 0.495116 1
0.649875 0.495116 1
0.644488 0.495116 1
0.6391 0.495116 1
0.601387 0.527316 1
0.598694 0.529999 1
0.655263 0.529999 1
0.593306 0.570248 1
0.663344 0.554148 1
0.628325 0.583664 1
0.660651 0.567565 1
0.647182 0.594397 1
0.633713 0.567565 1
0.633713 0.564881 1
0.644488 0.578298 1
0.644488 0.62928 1
0.649875 0.62123 1
0.647182 0.597081 1
0.628325 0.618547 1
0.674119 0.664162 1
0.668732 0.645379 1
0.668732 0.642696 1
0.127281 0.809059 1
0.135363 0.76881 1
0.14075 0.758077 1
0.143444 0.728561 1
0.143444 0.717828 1
0.154219 0.707095 1
0.167688 0.682945 1
0.173076 0.680262 1
0.178463 0.674895 1
0.194626 0.658796 1
0.210789 0.650746 1
0.21887 0.648063 1
0.235033 0.640013 1
0.256583 0.634646 1
0.267358 0.634646 1
0.283521 0.634646 1
0.302377 0.631963 1
0.31854 0.62928 1
0.337396 0.62928 1
0.356253 0.62928 1
0.375109 0.62928 1
0.402047 0.62928 1
0.426291 0.62928 1
0.466698 0.631963 1
0.504411 0.653429 1
0.520574 0.661479 1
0.544818 0.666846 1
0.590612 0.682945 1
0.61755 0.690995 1
0.631019 0.690995 1
0.636406 0.682945 1
0.512492 0.650746 1
0.544818 0.666846 1
0.560981 0.669529 1
0.598694 0.669529 1
0.598694 0.669529 1
0.641794 0.682945 1
0.652569 0.677579 1
0.657957 0.672212 1
0.687588 0.669529 1
0.703751 0.688312 1
0.1192 0.849308 1
0.113812 0.865407 1
0.132669 0.849308 1
0.14075 0.814425 1
0.156913 0.787593 1
0.178463 0.755393 1
0.183851 0.750027 1
0.205401 0.739294 1
0.213482 0.73661 1
0.232339 0.725877 1
0.232339 0.712461 1
0.259277 0.704411 1
0.270052 0.701728 1
0.291602 0.693678 1
0.310459 0.693678 1
0.345478 0.690995 1
0.358947 0.688312 1
0.375109 0.685628 1
0.186545 0.723194 1
0.186545 0.701728 1
0.202707 0.693678 1
0.229645 0.669529 1
0.24042 0.680262 1
0.251195 0.672212 1
0.267358 0.672212 1
0.288908 0.664162 1
0.29699 0.661479 1
0.332009 0.653429 1
0.337396 0.653429 1
0.377803 0.666846 1
0.415516 0.674895 1
0.426291 0.666846 1
0.464004 0.677579 1
0.466698 0.682945 1
0.477473 0.712461 1
0.375109 0.666846 1
0.407435 0.645379 1
0.461311 0.682945 1
0.490942 0.685628 1
0.490942 0.685628 1
0.469392 0.656112 1
0.534043 0.690995 1
0.590612 0.728561 1
0.579837 0.704411 1
0.488248 0.728561 1
0.531349 0.766126 1
0.542124 0.720511 1
0.644488 0.75271 1
0.674119 0.701728 1
0.596 0.825158 1
0.550205 0.803692 1
0.585225 0.881507 1
0.596 0.959322 1
0.636406 0.870774 1
0.827665 1.262531 0
0.754933 1.235698 0
0.671426 1.208866 0
0.652569 1.206182 0
0.490942 1.184716 0
0.442454 1.136417 0
0.431679 1.069336 0
0.41821 1.01567 0
0.410129 0.940539 0
0.402047 0.916389 0
0.361641 0.88419 0
0.342784 0.873457 0
0.226951 0.854674 0
0.221564 0.878824 0
0.21887 0.90834 0
0.191932 0.962005 0
0.148832 1.00762 0
0.100343 0.994204 0
0.035693 0.927122 0
0.035693 0.886873 0
0.032999 0.830525 0
0.666038 0.401202 0
0.754933 0.47365 0
0.962354 0.572931 0
0.965048 0.615863 0
0.951579 0.554148 0
0.997374 0.618547 0
0.954273 0.48975 0
0.913866 0.454867 0
0.884235 0.454867 0
0.841134 0.454867 0
0.830359 0.484383 0
1.000067 0.535365 0
1.110512 0.677579 0
1.118594 0.707095 0
1.1159 0.707095 0
1.282915 0.701728 0
1.223651 0.677579 0
1.13745 0.656112 0
1.277527 0.825158 0
1.27214 0.868091 0
1.296384 0.902973 0
1.312546 0.916389 0
0.798034 1.329613 0
0.798034 1.289364 0
0.736077 1.259848 0
0.660651 1.190083 0
0.504411 1.1552 0
0.482861 1.133734 0
0.423598 1.080069 0
0.375109 1.02372 0
0.544818 0.857358 1
0.577143 0.911023 1
0.577143 0.77686 1
0.596 0.739294 1
0.655263 0.787593 1
0.652569 0.731244 1
0.754933 0.801009 1
0.703751 0.725877 1
0.727995 1.045186 1
0.703751 0.905656 1
0.703751 0.996887 1
0.647182 0.980788 1
0.71722 0.849308 1
0.736077 0.811742 1
0.808809 0.986154 1
0.690282 0.814425 1
0.935417 0.945905 1
0.870766 0.857358 1
0.843828 0.868091 1
0.773789 0.940539 1
0.851909 0.77686 1
0.83844 0.929806 1
0.865378 0.996887 1
0.765708 0.849308 1
0.830359 0.962005 1
0.787258 0.988838 1
0.773789 1.029087 1
0.674119 1.018354 1
0.620244 1.018354 1
0.676813 1.042503 1
0.908479 1.01567 1
0.903091 0.89224 1
0.903091 0.878824 1
0.892316 0.833208 1
0.913866 0.919073 1
0.776483 0.873457 1
0.857297 1.018354 1
0.833053 1.03982 1
0.727995 0.996887 1
0.714526 0.924439 1
0.811502 0.951272 1
0.622938 0.921756 1
0.690282 0.921756 1
0.687588 0.924439 1
0.668732 0.857358 1
0.725301 0.750027 1
0.814196 0.817109 1
0.900397 0.830525 1
0.878847 0.90834 1
0.787258 0.87614 1
0.727995 0.937856 1
0.701057 0.962005 1
0.628325 0.921756 1
0.633713 0.822475 1
0.601387 0.774176 1
0.666038 0.75271 1
0.701057 0.755393 1
1.229039 1.31083 1
1.013536 1.208866 1
1.027005 1.259848 1
1.027005 1.275947 1
1.027005 1.31083 1
1.027005 1.337662 1
1.027005 1.361812 1
1.018924 1.383278 1
1.018924 1.391328 1
1.018924 1.428893 1
1.040474 1.444993 1
1.045862 1.453043 1
1.056637 1.466459 1
1.059331 1.469142 1
1.083575 1.477192 1
1.099737 1.479875 1
1.123981 1.479875 1
1.13745 1.479875 1
1.17247 1.479875 1
1.202101 1.479875 1
1.21557 1.477192 1
1.242508 1.471826 1
1.253283 1.469142 1
1.264058 1.461093 1
1.277527 1.458409 1
1.288302 1.453043 1
1.309853 1.447676 1
1.320628 1.447676 1
1.331403 1.45036 1
1.334097 1.45036 1
1.1159 1.30278 1
1.064718 1.308146 1
1.080881 1.235698 1
1.169776 1.184716 1
1.282915 1.219599 1
1.31524 1.14715 1
1.379891 1.168617 1
1.398747 1.139101 1
1.509193 1.190083 1
1.557681 1.216915 1
1.474173 1.292047 1
1.382585 1.324246 1
1.320628 1.364495 1
1.27214 1.380595 1
1.180551 1.423527 1
1.070106 1.431577 1
1.19402 1.359128 1
1.177857 1.316196 1
1.134757 1.334979 1
1.080881 1.334979 1
1.078187 1.267897 1
1.39336 1.42621 1
1.444542 1.377911 1
1.452623 1.326929 1
1.511886 1.30278 1
0.884235 0.970055 1
0.884235 0.940539 1
0.886928 0.894923 1
0.849215 0.803692 1
0.784565 0.835891 1
1.533437 1.233015 1
1.433767 1.133734 1
1.441848 1.050553 1
1.484948 1.050553 1
1.506499 1.045186 1
1.458011 1.190083 1
1.342178 1.200816 1
1.288302 1.176666 1
1.245202 1.173983 1
1.245202 1.224965 1
1.21557 1.176666 1
0.763014 0.962005 1
0.784565 0.881507 1
0.736077 0.886873 1
0.628325 0.905656 1
0.666038 0.935172 1
