0.100343 0.894923
0.146138 0.696361
0.186545 0.650746
0.264664 0.61318
0.447842 0.607814
0.585225 0.656112
0.631019 0.664162
0.585225 0.570248
0.558287 0.559515
0.536736 0.540732
0.555593 0.50585
0.606775 0.479017
0.671426 0.476334
0.690282 0.492433
0.690282 0.535365
0.676813 0.551465
0.684895 0.599764
0.722608 0.661479
0.763014 0.680262
0.803421 0.699045
0.79534 0.747344
0.830359 0.747344
0.886928 0.75271
0.908479 0.755393
0.930029 0.750027
0.911172 0.701728
0.849215 0.648063
0.827665 0.615863
0.827665 0.572931
0.833053 0.535365
0.862684 0.508533
0.911172 0.508533
0.913866 0.519266
0.903091 0.551465
0.900397 0.594397
0.946192 0.63733
1.013536 0.73661
1.008149 0.782226
1.008149 0.841258
1.029699 0.87614
1.040474 0.89224
1.070106 0.846624
1.088962 0.798326
1.105125 0.76881
1.142838 0.755393
1.148225 0.755393
1.169776 0.782226
1.199407 0.814425
1.212876 0.854674
1.191326 0.916389
1.169776 0.959322
1.183245 1.026403
1.188632 1.066652
1.202101 1.104218
1.202101 1.104218
1.223651 1.125684
1.266752 1.123001
1.312546 1.123001
1.328709 1.085435
1.369116 1.029087
1.506499 0.975421
1.611556 0.975421
1.611556 1.053236
1.590006 1.074702
1.576537 1.074702
1.552293 1.077385
1.552293 1.109585
1.554987 1.136417
1.557681 1.152517
1.560374 1.1552
1.6358 1.1552
1.649269 1.1713
1.660044 1.195449
1.660044 1.206182
1.662738 1.262531
1.662738 1.318879
1.630413 1.377911
1.608863 1.399377
1.557681 1.428893
1.517274 1.42621
1.501111 1.412794
1.463398 1.43426
1.458011 1.463776
1.422991 1.482559
1.382585 1.482559
1.374503 1.479875
1.304465 1.461093
1.296384 1.461093
1.261364 1.482559
1.161694 1.490609
1.078187 1.490609
1.029699 1.455726
1.008149 1.420844
1.008149 1.31083
1.008149 1.246431
1.000067 1.184716
0.946192 1.160567
0.806115 1.101535
0.741464 1.106901
0.647182 1.085435
0.555593 0.994204
0.520574 0.935172
0.49633 0.819792
0.466698 0.747344
0.445148 0.717828
0.356253 0.699045
0.264664 0.704411
0.213482 0.750027
0.167688 0.798326
0.151525 0.860041
0.127281 0.894923
0.089568 0.90029
